292, -136, 18828, -84, 247
252, -184, 18784, -83, 248
244, -168, 18700, -87, 249
260, -212, 18832, -92, 247
260, -212, 18832, -92, 247
248, -188, 18840, -88, 244
292, -196, 18764, -81, 254
300, -64, 18792, -79, 252
344, -96, 18780, -82, 248
236, -176, 18848, -88, 247
320, -164, 18684, -88, 242
244, -228, 18772, -85, 245
216, -124, 18784, -87, 254
216, -124, 18784, -87, 254
284, -176, 18792, -90, 253
256, -196, 18844, -88, 251
276, -208, 18776, -90, 249
260, -152, 18804, -89, 250
264, -212, 18752, -85, 245
308, -176, 18864, -92, 245
272, -184, 18724, -91, 246
320, -160, 18772, -90, 245
320, -160, 18772, -90, 245
248, -160, 18780, -87, 256
304, -196, 18824, -85, 251
316, -124, 18852, -83, 250
184, -136, 18792, -84, 248
264, -232, 18708, -84, 253
264, -196, 18804, -87, 246
224, -176, 18796, -81, 243
256, -204, 18804, -83, 248
256, -204, 18804, -83, 248
272, -240, 18828, -93, 249
240, -156, 18872, -95, 254
260, -228, 18804, -93, 256
280, -176, 18792, -84, 247
216, -232, 18812, -84, 250
184, -208, 18780, -86, 245
272, -140, 18744, -82, 254
268, -192, 18760, -85, 256
268, -192, 18760, -85, 256
304, -236, 18740, -86, 249
288, -236, 18840, -88, 256
252, -224, 18808, -93, 249
240, -176, 18732, -92, 249
200, -144, 18688, -91, 252
228, -160, 18816, -86, 261
284, -176, 18796, -84, 255
232, -224, 18692, -85, 250
296, -204, 18660, -91, 251
296, -204, 18660, -91, 251
280, -208, 18796, -89, 251
340, -148, 18680, -86, 255
272, -220, 18700, -85, 253
316, -184, 18732, -91, 251
316, -164, 18776, -86, 251
260, -144, 18752, -84, 248
292, -128, 18688, -83, 252
248, -252, 18816, -81, 250
248, -252, 18816, -81, 250
240, -184, 18768, -84, 247
240, -132, 18744, -88, 253
236, -228, 18792, -89, 251
224, -268, 18784, -85, 245
256, -196, 18712, -89, 246
280, -180, 18840, -84, 244
216, -156, 18832, -90, 258
240, -188, 18800, -88, 252
240, -188, 18800, -88, 252
236, -196, 18688, -90, 248
212, -156, 18720, -91, 251
240, -156, 18780, -86, 248
324, -204, 18696, -84, 246
240, -144, 18736, -85, 257
268, -184, 18748, -86, 254
352, -112, 18824, -88, 255
340, -184, 18752, -83, 253
256, -204, 18848, -86, 244
256, -204, 18848, -86, 244
244, -212, 18808, -83, 250
276, -224, 18708, -85, 248
280, -220, 18756, -90, 249
256, -220, 18816, -87, 253
264, -204, 18884, -86, 250
272, -208, 18796, -90, 250
292, -184, 18768, -87, 247
204, -224, 18712, -87, 250
204, -224, 18712, -87, 250
304, -172, 18708, -83, 247
276, -180, 18736, -85, 245
260, -196, 18800, -85, 248
284, -152, 18828, -90, 253
240, -148, 18744, -89, 249
200, -144, 18824, -91, 256
304, -204, 18748, -87, 251
268, -208, 18760, -90, 249
268, -208, 18760, -90, 249
308, -216, 18768, -89, 254
240, -188, 18848, -90, 251
236, -128, 18764, -85, 248
264, -200, 18788, -85, 244
272, -184, 18788, -82, 248
224, -212, 18784, -85, 247
240, -204, 18836, -88, 246
288, -152, 18728, -85, 253
228, -208, 18752, -88, 254
228, -208, 18752, -88, 254
308, -180, 18712, -88, 250
288, -268, 18788, -91, 252
268, -152, 18756, -86, 250
272, -160, 18896, -87, 253
308, -200, 18760, -88, 245
264, -172, 18764, -87, 240
236, -220, 18764, -85, 245
256, -164, 18756, -82, 246
256, -164, 18756, -82, 246
272, -240, 18768, -87, 248
280, -204, 18752, -86, 252
304, -188, 18832, -82, 245
304, -180, 18740, -88, 251
280, -164, 18824, -91, 245
292, -196, 18768, -92, 251
300, -212, 18796, -93, 257
308, -120, 18756, -85, 248
308, -120, 18756, -85, 248
204, -132, 18696, -79, 249
284, -156, 18700, -83, 241
260, -148, 18736, -90, 248
236, -220, 18728, -86, 257
360, -144, 18824, -79, 259
304, -124, 18780, -77, 247
356, -208, 18716, -94, 237
320, -256, 18820, -104, 228
860, 48, 18740, -83, 254
860, 48, 18740, -83, 254
3336, 1444, 18708, -80, 244
316, -1216, 21492, 93, -55
-2024, 616, 20080, 1383, -2909
-572, -2292, 20856, 2766, -8058
1404, -2688, 20572, 3693, -14338
132, 444, 15620, 2670, -18076
5788, -820, 22528, 1526, -20559
5704, -1732, 17400, 558, -23663
3672, 4024, 9496, -1053, -26941
13360, -1272, 20316, -731, -30872
12668, 3244, 8856, -706, -31800
18064, -2512, 7556, -3213, -24532
15116, 5016, 7040, -5375, -14522
15576, 296, 6836, -2877, -8514
8816, -3868, 5676, -882, -8308
15056, 948, 6108, -2325, -6597
17524, 132, 8420, -1632, -4892
18948, -1524, 8824, 34, -537
19772, 2184, 13520, 1392, 5760
18708, -1016, 8504, 1988, 14426
18596, 944, 16044, 1619, 23430
15608, -868, 11980, 2956, 32521
11112, 1856, 12452, 6564, 32767
9144, -1764, 14516, 9109, 32767
7368, 2216, 11420, 7976, 32767
3592, -2264, 15072, 3959, 32767
-2328, 4188, 14316, 533, 32767
-4796, -160, 13148, -3663, 30445
-6668, 3496, 15276, -6554, 19939
-6940, 3416, 15328, -6634, 8617
-5064, 36, 17636, -5211, -1789
-2896, -12, 23336, -3878, -7657
-2156, 828, 22864, -3485, -7859
-1564, 308, 22000, -1933, -4126
-1968, -452, 18572, -3, 254
-2624, 952, 16472, 356, 1655
-1804, 2208, 17636, 506, 212
-1584, 2072, 18200, 798, -1005
-1012, 1612, 19372, 698, -949
-1616, 1124, 18688, -146, -48
-2008, 1008, 18836, -644, 34
-2212, 696, 19056, -352, -1011
-2124, 444, 18988, 159, -2238
-1852, 456, 19284, 38, -3069
-2272, 888, 18700, 150, -3815
-2500, 1196, 17776, 487, -5449
-3252, 1252, 14296, 863, -9096
-2452, 648, 12280, 1250, -17291
2916, 888, 11972, 1095, -29687
8008, -428, 13196, 958, -32768
16076, 456, 18348, -260, -32768
20040, 3348, 10192, -1480, -32768
22780, 904, 12128, -2551, -27388
15268, 1668, 6428, -3019, -10364
10868, -1964, 3296, -1718, -3396
12328, -612, 6216, -313, -6940
13244, 2540, 3852, -151, -13671
19124, 2936, 5404, -751, -16000
20072, 772, 6408, -1070, -10729
19072, 1420, 4716, -1277, -483
16876, -928, 4904, 61, 6574
15740, -576, 7528, 2821, 7757
16540, -200, 8276, 4234, 6609
18580, -268, 8804, 3571, 7586
20924, 2600, 9220, 989, 13463
19956, 2448, 10432, 329, 21519
18304, 2436, 9876, 2180, 29870
13708, 1000, 10536, 4213, 32767
10784, 1588, 8688, 4540, 32767
5208, 1320, 12988, 4330, 32767
392, 2084, 11068, 3959, 32767
-2356, 2688, 14280, -507, 32767
-5268, 7224, 14816, -5555, 32558
-6112, 3972, 14228, -9184, 12237
-2336, 836, 17964, -9042, -4857
1276, -1420, 24108, -6913, -10583
-8, -580, 23508, -5867, -5806
-1352, -1212, 22300, -3363, 366
-2028, -1920, 18272, 298, 2429
-1416, 284, 17120, 2055, 383
-68, 1900, 18268, 1888, -1588
56, 1736, 18640, 451, -1392
28, 1388, 19016, -686, -462
36, 444, 18836, -1444, -351
112, -168, 18248, -1954, -630
152, 232, 18656, -1856, -567
-104, -700, 18148, -873, -212
212, -772, 18416, 550, -147
128, -212, 18340, 945, -194
-56, 364, 18880, 748, -95
20, 664, 19340, 488, 141
-40, 372, 18996, -70, 237
0, 364, 18972, -786, 182
0, 364, 18972, -786, 182
-8, -148, 18996, -1100, 129
12, -364, 18560, -979, 195
-180, -276, 17964, -835, 228
60, -576, 18680, -338, 53
192, 32, 19288, 205, -125
296, 308, 19276, 414, -34
-44, 648, 18800, 35, 365
-44, 648, 18800, 35, 365
-96, 336, 18544, -584, 464
-236, 168, 18376, -1105, 83
192, -456, 19052, -1269, -537
308, -384, 18936, -1124, -558
220, -816, 19060, -692, -117
176, -456, 18812, 222, 341
212, -396, 18472, 1137, 429
180, 144, 18720, 1838, 264
16, 104, 18560, 1631, 249
-316, 1108, 18604, 1184, 248
-572, 308, 19060, 2174, -126
-572, 308, 19060, 2174, -126
-592, -56, 19416, 6367, -1173
-988, 716, 18076, 13971, -2650
160, -812, 16632, 25262, -4296
1128, 1068, 17536, 32767, -6390
2452, 6560, 14440, 32767, -6677
5656, 15416, 8472, 32767, -747
3860, 15380, 5156, 32767, 5086
2088, 18772, 3912, 30375, 7901
12, 15520, 1872, 27529, 8475
-348, 13960, -852, 25690, 5794
-496, 16084, -2936, 18735, 2194
1224, 16908, -1364, 7893, -567
636, 18548, -1048, -1465, -1354
868, 16604, 780, -5532, -1070
444, 15652, 1660, -4017, -580
360, 15412, 1740, -324, -167
424, 16576, 668, 1220, 413
1016, 16292, 100, -3121, -178
2836, 18612, 2176, -16334, -1717
2948, 17936, 4832, -32768, -2213
5368, 15988, 9156, -32768, -2043
3044, 16204, 10792, -32768, 639
5068, 6856, 13288, -32768, 3180
2776, 2836, 17432, -32768, 5775
1160, 344, 18984, -32768, 7364
688, -1312, 18812, -22601, 6796
1028, 144, 18328, -9581, 4562
1940, -364, 17804, 116, 1867
2584, 3376, 18756, 4482, 182
2828, 5008, 18352, 3293, 149
2816, 4040, 18952, 706, 836
2496, 3136, 18956, -1698, 1263
2056, 2708, 18112, -3348, 1289
1956, 2052, 18400, -3444, 1180
1696, 2076, 18176, -2204, 886
2064, 1856, 18320, -1080, 354
1948, 2456, 18264, -732, 32
2196, 2148, 18544, -480, 17
1884, 1812, 18124, 378, 191
2136, 1712, 18708, 917, -49
2136, 1712, 18708, 917, -49
2124, 2820, 18764, 1351, -177
2300, 2144, 18568, 1530, -111
2276, 2556, 18444, 1204, 178
2024, 2484, 17980, -56, 233
2072, 3200, 18276, -515, 15
2236, 2616, 18004, -300, -283
2380, 2136, 18508, -393, -426
2200, 2152, 18892, -375, -308
1084, 4148, 19000, 3291, -91
1276, 2132, 19356, 13286, 23
1292, 1672, 18088, 26722, 25
1988, 4516, 16580, 32767, 93
2904, 5892, 12884, 32767, 962
2772, 13096, 9240, 32767, 2924
2760, 16876, 6816, 32767, 5729
1136, 15752, 2732, 32767, 7747
380, 19036, -1276, 32767, 7863
0, 18128, -4112, 29255, 5797
-600, 17480, -4776, 14503, 2816
-536, 18020, -2588, -1590, -170
-400, 17904, -160, -12389, -2565
100, 16712, 2796, -14442, -3688
696, 16020, 3312, -10638, -3180
1208, 13520, 4952, -9662, -1649
2884, 16000, 6404, -16442, -459
3548, 18320, 7572, -29552, 1435
4316, 17056, 10696, -32768, 3771
2692, 8148, 14084, -32768, 9243
312, 8368, 14480, -32768, 10562
-16, -704, 18380, -32768, 8988
-804, -232, 16696, -24802, 5338
396, -3128, 19336, -10859, 1330
964, -896, 19208, 246, -59
1120, 1596, 18764, 5806, 816
484, 3432, 18624, 5775, 1524
852, 4480, 19432, 2824, 1304
1096, 3036, 19752, -965, 921
1204, 1768, 19612, -4582, 1381
692, 508, 19568, -7057, 2900
48, 16, 19288, -7805, 4300
48, 16, 19288, -7805, 4300
-152, 280, 19212, -6659, 5286
-256, -604, 19204, -5435, 5931
16, 124, 21216, -4401, 7167
236, -1264, 21540, -3113, 10654
192, -1572, 21424, -1151, 15982
-3452, -1364, 20944, 952, 22986
-5676, -952, 16616, 2533, 29884
-11552, -6880, 7416, 3052, 32767
-11336, -448, 8636, 1341, 25805
-12028, 2476, 10400, 2004, 16123
-12084, 4168, 10620, 3003, 9263
-12120, 4520, 10456, 3134, 6719
-12776, 3784, 9612, 2031, 7263
-12852, 3768, 9236, 1164, 7084
-12968, 5088, 7676, 967, 6219
-13524, 5724, 9512, 1510, 4635
-13368, 4164, 7320, 1474, 3678
-14324, 5908, 7748, 440, 1886
-14692, 5396, 8280, -501, -714
-14772, 5080, 9536, -986, -2642
-15608, 3936, 8884, -678, -3632
-15612, 3528, 7048, -1595, -5858
-13652, 2728, 7484, -4748, -11326
-13500, 1912, 11176, -7333, -17968
-10924, -736, 12340, -8941, -22186
-9716, 520, 12552, -8087, -24030
-3404, -1512, 18320, 347, -27537
-2752, 1396, 14020, 2085, -24822
-584, -904, 20504, 2056, -23003
-188, 1748, 16184, -271, -19816
1528, -248, 22740, -2159, -16796
3712, -2228, 22584, -3162, -11687
2480, 672, 19392, -2706, -4313
728, -1668, 19620, -1195, 1092
-484, -1676, 17112, 102, 3426
-876, -380, 15668, 608, 1904
-488, -264, 17980, 1015, -691
72, -540, 18988, 1723, -1785
440, -280, 18812, 2152, -1679
264, 44, 18928, 1753, -1392
480, -216, 19136, 819, -1360
800, 16, 19288, 342, -870
1392, -1404, 19364, 162, 340
1696, -1112, 27332, 785, 2481
5740, 1212, 32767, 3717, 12325
14212, 12332, 24564, 4901, 32767
1020, 2228, 3908, 1296, 32767
-11988, -9012, -10792, -5720, 32767
-15812, -248, -16868, -10643, 32767
-14940, 2596, 12772, -8183, 631
-9052, 5916, 16820, 999, -10770
-16540, -1696, 9868, 5119, 2883
-16792, -232, 2632, 2335, 10413
-15552, 512, 10040, -253, -2445
-11408, 3980, 16692, 1736, -11009
-11380, -40, 11628, 2148, -4513
-15252, -1668, 8160, 1611, -392
-12856, 36, 17628, 29, -13705
-12844, -16, 13484, -1868, -13224
-13656, 2960, 6060, -4223, -13459
-7292, -976, 10072, -6381, -24798
-860, -3084, 13836, -10313, -32768
1772, -3240, 15172, -12027, -32768
6404, -6524, 27532, -7670, -32768
8628, -7012, 27828, 98, -31622
7364, 452, 18848, 6275, -12294
5552, -4276, 23536, 9423, -297
2664, -3128, 19068, 8545, 7603
756, 2260, 14612, 5452, 9445
440, 484, 15648, 2124, 5377
692, 152, 17676, 1598, 1818
1596, 172, 18624, 2195, 11
2024, 600, 18372, 2977, 417
1944, -428, 19804, 2864, 1077
1312, 520, 19304, 2301, 1663
1248, 100, 18988, 1674, 1981
1044, 80, 19828, 1762, 1885
516, 652, 19832, 2400, 1824
1240, -448, 19288, 3800, 2216
664, 992, 19596, 5188, 2169
824, 912, 18712, 5919, 2102
948, 2112, 19448, 6183, 1620
736, 3120, 18748, 5854, 1123
2992, 9116, 26524, 4549, -102
2992, 9116, 26524, 4549, -102
2216, 1648, 18356, 2894, -1206
2856, 4376, 19636, -3317, -2965
2480, 2344, 17732, -9088, -1501
2840, 564, 18288, -21107, -299
728, 2700, 18656, -32768, -451
1344, -2428, 18432, -32768, 320
1452, -6440, 13904, -32768, 1257
1744, -8760, 8448, -32768, 1713
5728, -18916, 7852, -32768, 2328
3740, -20116, 8852, -25164, 2590
3232, -17308, 6848, -12879, 3815
3576, -19244, 8020, -3235, 5015
2608, -16780, 7852, 2316, 4335
1736, -15080, 7432, 3533, 2313
2436, -16400, 9320, 3229, -259
2548, -15392, 11352, 3665, -1508
2936, -17232, 11708, 5738, -635
2488, -14788, 10672, 14859, 2272
2740, -17620, 14592, 30679, 5193
5212, -12708, 11968, 32767, 6765
2360, 6996, 10004, 32767, 5311
1040, 7380, 13644, 32767, 3489
192, 11088, 13872, 23130, 2129
1392, 8172, 16460, -1723, 1037
1920, 5504, 19344, -14310, -414
1564, 692, 19212, -15378, -206
1104, -3144, 19156, -8487, 1126
588, -2996, 19068, -669, 2044
588, -1780, 18444, 4398, 1802
744, 328, 18280, 5841, 494
844, 3052, 18532, 5093, -634
1596, 3664, 18980, 3441, -1067
1852, 2760, 19076, 1669, -770
1784, 1996, 18984, 32, -329
1896, 1832, 19092, -469, 229
1452, 1124, 18540, 737, 713
1452, 1124, 18540, 737, 713
1156, 1180, 18624, 3639, 1075
1288, 2464, 18780, 7126, 1102
940, 3724, 17380, 9038, 508
1292, 5216, 17708, 7859, -666
1744, 5828, 16812, 2239, -1952
3128, 3700, 18216, -10847, -3862
7136, 3332, 17780, -32768, -6272
4164, -1836, 8508, -32768, -4527
-224, -6236, 8344, -32768, -1022
5648, -21540, 6828, -32768, 1778
5380, -20596, 4872, -27179, 3645
6128, -23584, 4292, 179, 3483
6228, -20956, 6484, 16059, 1184
4104, -14696, 11248, 18993, -739
3900, -11016, 14496, 13932, -1583
2516, -11116, 15656, 9866, 532
4188, -13104, 15960, 10292, 3748
4156, -15564, 18424, 18062, 8318
5676, -16440, 17728, 32767, 13971
4644, -14324, 16248, 32767, 17640
-3240, 3836, 7816, 32767, 15570
-1056, 7140, 11504, 32767, 10315
-1136, 13488, 13652, 16464, 4979
-328, 8476, 16372, -3845, -734
268, 6348, 18204, -13778, -4840
412, 2664, 19700, -14203, -5885
1120, -1264, 19444, -10306, -4292
488, -1304, 19668, -6041, -1379
-56, -376, 19004, -3783, 973
-388, 32, 18604, -2659, 1891
-448, 960, 17968, -1862, 1218
-68, 1812, 18824, -924, -150
684, 1184, 19032, -97, -1078
1396, 1036, 19476, -499, -1334
1528, 696, 19532, -2011, -1155
1468, 780, 18640, -3332, -864
1392, 56, 18388, -3582, -735
1220, -228, 17740, -2773, -729
1488, -1332, 18348, -1445, -766
728, -108, 17732, 7, -492
520, 104, 17344, 1155, 49
352, 304, 18936, 2659, 602
352, 304, 18936, 2659, 602
852, -488, 18948, 3502, 766
56, 1052, 18556, 4214, 832
-80, 848, 18356, 4363, 281
196, 1540, 18628, 3717, -473
156, 2200, 18572, 2575, -1137
512, 2580, 18452, 1781, -1246
680, 2556, 18016, 1331, -1141
992, 2284, 18268, 972, -1270
1484, 1304, 19072, 590, -1533
1128, 1920, 18500, -96, -1488
1212, 872, 19312, -1433, -1145
2188, 1312, 19884, -2126, -584
2024, 1852, 20056, -2080, -262
1608, 2052, 19904, -1494, -307
1556, 2412, 18884, -269, -569
1508, 1412, 18248, 1293, -1147
2244, 1996, 18676, 1995, -1724
2672, 2144, 18056, 1902, -1968
764, 1176, 17232, 1334, -1772
1704, 1336, 18028, 1021, -1380
2284, 1948, 18392, 939, -1290
568, -2388, 26876, 750, -790
1904, 1528, 17804, -63, 1512
2916, 2692, 17764, -1211, 2330
2240, 2984, 17104, -2223, 2475
1244, 1240, 18244, -3321, 1956
2304, 52, 19280, -4192, 2176
1980, 2160, 18152, -4560, 3121
944, -340, 18584, -5087, 4134
264, 404, 18380, -5082, 4711
988, -332, 20112, -5145, 4666
304, -832, 18940, -3217, 4463
-1716, -944, 18628, -319, 1621
212, 1144, 18676, 282, 87
3776, 2760, 18656, -283, 284
288, -968, 18800, -140, 367
-156, -928, 18644, 32, 217
-64, -124, 18936, -194, 237
228, -1488, 18572, -85, 293
228, -1488, 18572, -85, 293
484, -312, 18644, -8, 259
212, -392, 18876, -146, 236
644, -160, 18772, -37, 263
-248, 112, 18564, -36, 286
648, -84, 19028, -138, 226
1132, -248, 18976, -50, 228
304, -132, 18664, -71, 260
432, -132, 18608, -114, 241
592, 128, 18576, -59, 231
592, 128, 18576, -59, 231
780, 368, 18764, -88, 258
328, -152, 18760, -143, 268
-160, -380, 18728, -107, 309
168, 52, 18616, -49, 284
408, -260, 18808, -105, 226
256, -180, 18748, -85, 251
